  0.02986    -0.00758     0.08468     0.01249     0.02579  -0.03617    -0.01346     0.02370    -0.08200     0.03502  -0.04923    -0.04713     0.02213     0.01827     0.10240   -0.02208     0.01587     0.00618    -0.02088    -0.05248   -0.06097    -0.11724    -0.05524     0.00931     0.02544  -0.02851     0.00915     0.00165    -0.00863     0.01431    0.02456     0.02150    -0.00066    -0.00151    -0.00017   -0.00072
 -0.02694     0.03562    -0.08108    -0.00973     0.08272   0.01574    -0.00179    -0.01957     0.11091     0.09845  -0.01052     0.08559     0.00358    -0.04239     0.04544   -0.00415     0.01180    -0.00807    -0.00353    -0.00729   -0.04020    -0.04124    -0.07437     0.01135    -0.04408   0.04992    -0.01297    -0.02115     0.01110    -0.02366   -0.04141    -0.03777     0.00253     0.00344     0.00257    0.00259
  0.10648    -0.03089    -0.03069    -0.00464     0.01436  -0.02159    -0.06637    -0.03071     0.01763     0.02417   0.01286    -0.01767     0.05267     0.01338    -0.05420   -0.10292    -0.01726     0.03000     0.03363     0.03982   -0.00237    -0.02513    -0.00390     0.00330    -0.02432   0.02451    -0.00488     0.00079     0.05037    -0.04411    0.02884     0.04358    -0.00147    -0.00093    -0.00057   -0.00007
  0.01172    -0.01083    -0.03047     0.01128     0.14465   0.00671    -0.04656     0.05529    -0.06640    -0.09142   0.04586     0.08318    -0.02258    -0.05075    -0.03222    0.00509    -0.01298     0.02579    -0.01378     0.01829    0.00281     0.02276     0.03624    -0.03083     0.00181  -0.00641    -0.05981    -0.04938     0.00110    -0.00112   -0.00360    -0.00345    -0.03756    -0.04946    -0.04292   -0.03172
  0.01710     0.00137    -0.05601     0.02046    -0.00296   0.03680     0.01467     0.01265    -0.05151    -0.05256  -0.03408    -0.00230    -0.01418    -0.00721    -0.03784    0.00445     0.00147    -0.03289     0.02344     0.02218   -0.04613     0.02118     0.06045    -0.07922     0.00543  -0.01244     0.12408     0.12590     0.00072    -0.00025    0.00123     0.00068     0.00012     0.00080     0.00464    0.00465
 -0.03538     0.11957     0.03140    -0.09869     0.01078  -0.03799     0.05981    -0.01600    -0.02577    -0.02832   0.01048     0.04556     0.01702     0.04396     0.00808    0.08993    -0.00272    -0.03001    -0.05103     0.02553   -0.00446    -0.00594     0.01658    -0.01683    -0.00221   0.00152     0.00086     0.00148     0.00036    -0.00047   -0.00042    -0.00035    -0.00803    -0.01061    -0.00894   -0.00642
  0.01630     0.02583    -0.06351    -0.02760     0.01270   0.04653     0.03874     0.04552    -0.00633     0.02541   0.12232    -0.03920     0.02065     0.03451     0.03875    0.00121     0.00506    -0.02300     0.01285     0.01151    0.03880     0.00915    -0.04686     0.09728     0.00091   0.01261     0.10274     0.06739     0.00137    -0.00048   -0.00002     0.00025     0.01846     0.01488    -0.01406   -0.02233
  0.01622     0.01234    -0.06863     0.00075    -0.08898   0.05339     0.05977     0.01358    -0.04606    -0.03286   0.07085    -0.08068     0.00384     0.04638    -0.01247    0.00804    -0.01569     0.01908    -0.00300    -0.02969   -0.02220    -0.01627     0.01118     0.00619    -0.00715   0.00095    -0.09595    -0.11708    -0.00021     0.00007   -0.00018     0.00018     0.03540     0.02441    -0.03866   -0.04751
 -0.06814    -0.08563    -0.02805     0.10944     0.01502  -0.02013     0.02091    -0.09322    -0.03470    -0.00533   0.05012    -0.03916    -0.06890    -0.05542     0.01407   -0.03687     0.00419     0.00531     0.00186    -0.00273    0.01005     0.00285    -0.01222     0.02288     0.00050   0.00310     0.01384     0.00783     0.00018     0.00012    0.00005     0.00008     0.00743     0.00562    -0.00677   -0.00946
 -0.01581     0.02542    -0.06167     0.02751    -0.01510   0.04497     0.03712    -0.04517     0.00514     0.02617  -0.12036    -0.03713    -0.02021     0.03338    -0.03900   -0.00086    -0.00540    -0.02354     0.01297    -0.01235    0.03933    -0.00988    -0.04681    -0.09723     0.00118  -0.01261    -0.10532     0.07062    -0.00141    -0.00038    0.00000     0.00024     0.01803    -0.01387    -0.01337    0.02053
  0.01988    -0.01706     0.06891    -0.00515    -0.08925  -0.05551    -0.05973     0.01932    -0.04449     0.03199   0.07168     0.07985     0.00713    -0.04990    -0.01226    0.00970    -0.01567    -0.01821     0.00275    -0.02923    0.02151    -0.01620    -0.01043     0.00773     0.00714   0.00116    -0.09360     0.11545    -0.00018    -0.00004   -0.00018    -0.00019    -0.03656     0.02396     0.03960   -0.04630
  0.06732    -0.08486    -0.03113    -0.10944    -0.01079  -0.01735     0.02378     0.09241     0.03684    -0.00693  -0.05343    -0.04274     0.06854    -0.05347    -0.01355    0.03647    -0.00349     0.00612     0.00177     0.00412    0.00900    -0.00215    -0.01163    -0.02328     0.00018  -0.00317    -0.00937     0.00232    -0.00016     0.00013   -0.00005     0.00009     0.00943    -0.00664    -0.00885    0.01145
 -0.01122    -0.01081    -0.02896    -0.01076    -0.14468   0.00568    -0.04700    -0.05485     0.06478    -0.09008  -0.04679     0.08330     0.02167    -0.05069     0.03106   -0.00524     0.01292     0.02673    -0.01445    -0.01768    0.00403    -0.02205     0.03458     0.02875     0.00165   0.00611     0.06316    -0.05282    -0.00114    -0.00103    0.00376    -0.00335    -0.03857     0.04799    -0.04432    0.03107
  0.01908     0.00461     0.05820     0.02549     0.00048  -0.03875    -0.01047     0.01493    -0.05192     0.05367  -0.03331     0.00206    -0.01553     0.01079    -0.03908    0.00037     0.00112     0.03072    -0.02542     0.02141    0.04582     0.02169    -0.06042    -0.07936    -0.00551  -0.01273     0.12218    -0.12433     0.00076     0.00020    0.00117    -0.00056     0.00057    -0.00008    -0.00398    0.00398
  0.03448     0.11945     0.02853     0.09767    -0.01074  -0.03630     0.06042     0.01537     0.02825    -0.03084  -0.00887     0.04526    -0.01625     0.04366    -0.00622   -0.09005     0.00284    -0.03152    -0.04983    -0.02667   -0.00663     0.00502     0.01939     0.02066    -0.00196  -0.00092    -0.00667     0.00740    -0.00043    -0.00045    0.00038    -0.00032    -0.00831     0.01035    -0.00905    0.00610
 -0.03065    -0.00858     0.08687    -0.01263    -0.02356  -0.03656    -0.01355    -0.02420     0.08506     0.03206   0.04892    -0.04960    -0.02179     0.01977    -0.10104    0.02213    -0.01553     0.00637    -0.02072     0.05223   -0.05953     0.11605    -0.05363    -0.00914     0.02641   0.02993    -0.00949     0.00222     0.00983     0.01423   -0.02651     0.02168    -0.00076     0.00159    -0.00027    0.00079
 -0.03113    -0.03684     0.07723    -0.00908     0.08258  -0.01576    -0.00108    -0.01740     0.10744    -0.09828  -0.01238    -0.08496     0.00222     0.04234     0.05100    0.00019     0.01297     0.00936     0.00568    -0.01059    0.04158    -0.04302     0.07571     0.01166     0.04193   0.04818    -0.01248     0.02113     0.00977     0.02045   -0.04343     0.03773    -0.00265     0.00335    -0.00269    0.00252
 -0.10510    -0.02921    -0.03446     0.00500    -0.01826  -0.02082    -0.06634     0.03163    -0.02283     0.02885  -0.01236    -0.01363    -0.05270     0.01144     0.05195    0.10304     0.01653     0.02981     0.03350    -0.03931   -0.00427     0.02710    -0.00751    -0.00385    -0.02622  -0.02698     0.00548    -0.00021    -0.05399    -0.04156   -0.02824     0.04060    -0.00137     0.00073    -0.00045   -0.00005
 -0.03095     0.01237    -0.01085     0.01985    -0.08355  -0.04359    -0.14361     0.02410    -0.16569     0.21795  -0.11061    -0.14145     0.06758     0.01501     0.28867   -0.10810    -0.25955    -0.06446    -0.23835     0.39311    0.32910     0.11117     0.31633     0.01346    -0.11487   0.12952    -0.06571    -0.00542     0.01848    -0.09678   -0.29492    -0.28555     0.01240     0.01780     0.01008    0.01056
  0.06257    -0.05338    -0.05200     0.09535     0.01259   0.13095     0.09105     0.01153     0.14755     0.22058  -0.04696     0.11749    -0.06237    -0.08927     0.21462    0.11484    -0.12654    -0.09852    -0.17275     0.24382    0.18953     0.12629     0.12062     0.06096     0.18193  -0.15569    -0.06753    -0.04960    -0.02729     0.17047    0.49777     0.48894    -0.02545    -0.03279    -0.02285   -0.02121
  0.30630    -0.19325     0.10627     0.15751     0.00599   0.16953     0.20658     0.02016     0.14750     0.04730   0.01507     0.12250    -0.09677    -0.05717     0.04064    0.17372     0.01915    -0.04550    -0.03642     0.01737   -0.00095     0.02447    -0.03147     0.06539     0.43163  -0.42806    -0.01718    -0.03493     0.03209    -0.12314   -0.32101    -0.31379     0.01498     0.01904     0.01195    0.01125
  0.19453    -0.04347     0.19450     0.04061     0.03037   0.02867     0.32791     0.00436    -0.02904     0.10615  -0.06131     0.15065     0.03771     0.01292     0.23419    0.01437    -0.00848     0.24459     0.36281    -0.36800    0.16608     0.44121     0.14286    -0.04546    -0.21579   0.20112    -0.01019     0.00403     0.07167    -0.07057    0.00726     0.02963    -0.00178    -0.00037    -0.00091    0.00003
 -0.20983     0.22967    -0.17708    -0.21227     0.07756  -0.19575    -0.15095    -0.10064    -0.03053     0.09577  -0.03210    -0.02029     0.19849     0.06655     0.00962   -0.32048    -0.04626     0.19883     0.29023    -0.10307    0.09867     0.21038     0.07176     0.07330     0.40710  -0.39643    -0.01773    -0.01920    -0.11217     0.10903   -0.01428    -0.04637    -0.00037    -0.00155    -0.00054   -0.00185
  0.15967    -0.06927     0.00162     0.03789     0.01523   0.02777     0.00295    -0.01498     0.04967     0.03117   0.01629     0.02613     0.01591    -0.00766    -0.03267   -0.03533    -0.00789     0.01813     0.02597     0.02445   -0.00116    -0.00044    -0.00953    -0.00964    -0.11966   0.11925    -0.00212     0.00188    -0.64010     0.65310   -0.03169    -0.21011     0.00297    -0.00518    -0.00166   -0.00705
  0.03166    -0.04977    -0.06583    -0.00594     0.16057  -0.07996     0.00019    -0.05054    -0.09920    -0.09790   0.06759     0.12873     0.04256     0.03874    -0.02615    0.07785    -0.01723     0.01374    -0.04691     0.02546    0.00039     0.01954     0.04734    -0.03839     0.00277  -0.00950    -0.07251    -0.06554    -0.01088     0.01382    0.04717     0.04062     0.44516     0.57428     0.47070    0.33749
  0.03887    -0.02343     0.02786     0.01226     0.02510  -0.08136    -0.04590    -0.02535    -0.16987    -0.16605  -0.24714     0.02652     0.01655     0.02088    -0.10905    0.04790     0.43069    -0.44219     0.25310     0.15497    0.31484     0.12926    -0.22686     0.37193    -0.01714   0.06622    -0.08606    -0.11473     0.00363    -0.00268   -0.00324    -0.00230    -0.00311    -0.00369    -0.00567   -0.00577
 -0.12545     0.29766     0.19850    -0.01742    -0.06264   0.36317    -0.15389     0.48590     0.09836    -0.02434  -0.07267    -0.16626    -0.28859    -0.37063    -0.02395   -0.23836     0.02827     0.02262     0.10534    -0.00558    0.03215     0.02479    -0.01284     0.03635    -0.00102   0.00444    -0.02970    -0.03525    -0.00077     0.00035    0.00887     0.00832     0.09608     0.12365     0.10070    0.07220
  0.04734     0.00336    -0.04407    -0.09208    -0.09137  -0.09218     0.08175    -0.03595     0.01048     0.14939   0.24843    -0.09793    -0.05478    -0.09430     0.21852   -0.12360     0.38993    -0.30625     0.18805     0.13248   -0.27276     0.03753     0.27496    -0.27115    -0.00735  -0.03377    -0.07273    -0.17208    -0.00219     0.00181    0.00079    -0.00259    -0.22048    -0.16202     0.20155    0.26805
  0.02404     0.02497    -0.10163    -0.01793    -0.02511   0.04508     0.09435    -0.00788    -0.07991    -0.11432   0.01316    -0.09003    -0.07403     0.01404    -0.09526    0.04862    -0.23284     0.17949    -0.11216    -0.09893    0.15296    -0.03362    -0.16756     0.22456    -0.00294   0.02841    -0.01381    -0.00485    -0.00286     0.00158    0.00059    -0.00505    -0.42390    -0.30340     0.39833    0.50905
 -0.18154    -0.08966     0.08430     0.35612    -0.02640   0.36128    -0.24749     0.22223     0.06271     0.05441   0.05617     0.15016     0.48188     0.41372    -0.04187    0.08804     0.06883    -0.04900     0.07853     0.01619   -0.05564     0.01669     0.05406    -0.05011    -0.00152  -0.00952    -0.02083    -0.04399     0.00016    -0.00037    0.00045    -0.00053    -0.08952    -0.06513     0.08314    0.10799
 -0.04661     0.00250    -0.04139     0.09134     0.09063  -0.09337     0.07912     0.03551    -0.01239     0.15213  -0.24789    -0.09534     0.05243    -0.09449    -0.22122    0.12527    -0.39496    -0.31262     0.19105    -0.13503   -0.27706    -0.03660     0.27881     0.27819    -0.00747   0.03467     0.07232    -0.17195     0.00223     0.00161   -0.00069    -0.00248    -0.21502     0.14994     0.19524   -0.24721
  0.03397    -0.02926     0.10676    -0.03730    -0.02638  -0.02510    -0.10829    -0.01954    -0.08244     0.11271   0.01720     0.09945    -0.09901     0.00913    -0.08720    0.04090    -0.22436    -0.17396     0.11052    -0.09584   -0.14801    -0.03227     0.16178     0.21972     0.00290   0.02800    -0.01476     0.00744    -0.00305    -0.00144    0.00041     0.00512     0.43753    -0.29692    -0.40882    0.49648
  0.18013    -0.08816     0.07985    -0.35431     0.02767   0.36294    -0.24256    -0.22154    -0.05902     0.04910  -0.05726     0.14381    -0.47633     0.41615     0.04693   -0.09020    -0.05781    -0.04086     0.07315    -0.01150   -0.04858    -0.01482     0.04620     0.03975    -0.00170   0.00821     0.02158    -0.04437    -0.00004    -0.00029   -0.00045    -0.00080    -0.11327     0.07788     0.10486   -0.12901
 -0.03060    -0.04921    -0.06674     0.00614    -0.15984  -0.07792     0.00163     0.05030     0.09444    -0.09342  -0.07440     0.12778    -0.04251     0.03859     0.02313   -0.07696     0.02899     0.02591    -0.05391    -0.02126   -0.00828    -0.01573     0.05349     0.04876     0.00319   0.01137     0.07008    -0.06236     0.01177     0.01300   -0.04870     0.03909     0.45718    -0.55707     0.48485   -0.32946
  0.04569     0.03884    -0.01660     0.01294     0.03245   0.10045     0.03876    -0.04979    -0.17663     0.16738  -0.24158    -0.03785     0.03143    -0.03953    -0.10883    0.06113     0.42655     0.44407    -0.24618     0.15603   -0.31227     0.13003     0.22294     0.36929     0.01656   0.06584    -0.08649     0.11471     0.00351     0.00208   -0.00242     0.00151    -0.00469     0.00601    -0.00250    0.00003
  0.12333     0.29621     0.19949     0.01761     0.06113   0.35844    -0.15631    -0.48437    -0.09028    -0.03246   0.08418    -0.16302     0.28610    -0.37058     0.02867    0.23550    -0.04874     0.00152     0.11696    -0.00174    0.04687    -0.03115    -0.02318    -0.05387    -0.00175  -0.00755     0.03376    -0.04073     0.00060     0.00019   -0.00909     0.00799     0.09933    -0.12076     0.10431   -0.07078
  0.03240     0.01370    -0.00925    -0.01735     0.08388  -0.04703    -0.14603    -0.02374     0.16980     0.21128   0.10920    -0.14479    -0.06870     0.01828    -0.28294    0.11155     0.25641    -0.06003    -0.23239    -0.38675    0.32346    -0.10730     0.31354    -0.01108    -0.11852  -0.13361     0.06383    -0.00409    -0.02534    -0.09959    0.31922    -0.28819     0.01351    -0.01827     0.01119   -0.01099
  0.04700     0.04368     0.05717     0.08816     0.00993  -0.12149    -0.07723     0.01139     0.13529    -0.22424  -0.05053    -0.10754    -0.05488     0.08576     0.22090    0.10328    -0.13495     0.09714     0.17664     0.25377   -0.19791     0.12789    -0.13121     0.05779    -0.15728  -0.13235    -0.06841     0.04803    -0.03873    -0.17047    0.52155    -0.47741     0.02649    -0.03226     0.02401   -0.02107
 -0.30887    -0.19561     0.10400    -0.16164    -0.00652   0.17568     0.21089    -0.02101    -0.15406     0.05833  -0.01279     0.12804     0.09886    -0.06166    -0.05134   -0.17914    -0.01276    -0.05037    -0.04476    -0.02912    0.00804    -0.03048    -0.02559    -0.06822     0.43750   0.43713     0.02039    -0.03723    -0.03777    -0.11213    0.30713    -0.27966     0.01413    -0.01700     0.01129   -0.01008
 -0.20027    -0.04985     0.19936    -0.04609    -0.02836   0.03412     0.33179    -0.00744     0.02859     0.10323   0.06038     0.15080    -0.03262     0.01169    -0.23368   -0.02335     0.00567     0.23853     0.35418     0.36588    0.16231    -0.43551     0.14238     0.04784    -0.22590  -0.21310     0.00970     0.00455    -0.07912    -0.06759   -0.00860     0.03017    -0.00177     0.00028    -0.00089   -0.00008
 -0.21164    -0.23137     0.17191    -0.21226     0.07755   0.19604     0.14192    -0.09983    -0.03369    -0.09666  -0.03442     0.01763     0.19795    -0.06792     0.01726   -0.31778    -0.04470    -0.20464    -0.29846    -0.11504   -0.10243     0.22222    -0.07671     0.07214    -0.40439  -0.39821    -0.01780     0.01908    -0.08475    -0.07012   -0.01369     0.03476     0.00058    -0.00128     0.00053   -0.00150
 -0.14956    -0.05831    -0.00666    -0.02778    -0.01889   0.01845    -0.00406     0.01971    -0.04805     0.03581  -0.01475     0.02516    -0.02548    -0.00445     0.03204    0.05053     0.00994     0.02779     0.03991    -0.01928    0.00357    -0.00981    -0.00595     0.00614    -0.09968  -0.10082     0.00296     0.00097     0.68958     0.61106    0.03896    -0.20872     0.00289     0.00525    -0.00190    0.00704
