 -0.01382     0.01290    -0.00766    -0.03103     0.01972   -0.07142     0.02337    -0.06856     0.05519     0.05544   -0.03346    -0.08784     0.03625     0.08206    -0.06587   0.02609    -0.00353     0.01472     0.03136    -0.09602    -0.03726     0.02942    -0.05955    -0.01550    -0.00406    -0.00873     0.03237     0.02255    -0.03499    -0.02296   -0.00238    -0.00199     0.01410    -0.03463    -0.00001     0.03137     0.04787     0.00213    -0.00174     0.00208   -0.01039     0.01164     0.00099    -0.00068    -0.00004   0.00101    -0.04129     0.04280
  0.00112     0.06330    -0.06400    -0.06608     0.01061   -0.03304    -0.02532     0.03425    -0.03485     0.00707   -0.04418     0.04417    -0.02861     0.00669     0.00280   0.00471     0.09401     0.06212    -0.05059    -0.00261    -0.05732    -0.05217     0.00979    -0.04209     0.01870    -0.01557     0.01178    -0.00462     0.00038     0.00296    0.00475     0.00107    -0.00994     0.02496    -0.00286    -0.01433    -0.02793     0.00430    -0.00308     0.00380    0.04794    -0.04782    -0.00484     0.00814     0.01028   0.00115    -0.03416     0.03324
 -0.02022    -0.01608     0.03618    -0.00213     0.03228   -0.00976     0.04477     0.09516    -0.05539    -0.04592    0.06306     0.00416    -0.07007     0.08706     0.05876  -0.02975    -0.00273    -0.00166    -0.01934    -0.07847     0.01253    -0.00175     0.01347    -0.00037    -0.00775     0.02687     0.03818     0.07625    -0.04888    -0.08373   -0.03377    -0.00767    -0.00745     0.03053    -0.00119    -0.00332    -0.00850     0.00065    -0.00039     0.00017    0.01258    -0.01152    -0.00092     0.00145     0.00112  -0.00085     0.02718    -0.02689
  0.01446    -0.00372    -0.03401     0.04643    -0.08168   -0.07502     0.00113     0.04995    -0.00479     0.11452    0.01548    -0.01080     0.05330    -0.01271     0.11251  -0.06591     0.02188     0.01280    -0.00857    -0.01469     0.01221    -0.02076     0.04968     0.01751    -0.05927    -0.00313    -0.04659     0.01270     0.03725    -0.00783   -0.00740     0.01022    -0.03855    -0.01877    -0.00262    -0.05058     0.02422    -0.00778     0.00642    -0.00527    0.00706    -0.00958     0.01864    -0.04303    -0.03982  -0.00404    -0.00175     0.00293
 -0.10163    -0.03200     0.07982    -0.00077    -0.02704    0.02422     0.03492     0.02413    -0.01886     0.04911   -0.05606     0.01953     0.01536    -0.01644    -0.01783  -0.02238    -0.09311    -0.06330     0.05260     0.02105     0.05379    -0.01734    -0.01098    -0.03395    -0.03783    -0.01335     0.00413     0.00595    -0.00125    -0.00966    0.00539     0.00809    -0.02532    -0.01321    -0.00315    -0.02166     0.01688    -0.05116     0.03857    -0.03341   -0.00041     0.00163    -0.01339     0.02912     0.02535   0.00273    -0.00228     0.00241
  0.00562     0.01488    -0.01580    -0.02406     0.02562   -0.01348    -0.00759     0.08779    -0.04887     0.00295    0.04613    -0.08297     0.09315    -0.08219    -0.00464   0.04359    -0.00782    -0.00808    -0.00567     0.05446     0.01390     0.00954    -0.03128     0.01016     0.00190    -0.01989     0.06369    -0.07332    -0.07170     0.06179    0.06456     0.00893    -0.02588    -0.01624    -0.00665    -0.00038     0.00176    -0.00900     0.00680    -0.00448    0.00290    -0.00388     0.01080    -0.02454    -0.02145  -0.00258    -0.00153     0.00218
 -0.00476    -0.02312     0.00787    -0.00820    -0.11047    0.01389     0.01452     0.03507     0.04054     0.11379    0.11457     0.03422     0.00391     0.00640     0.23828  -0.11423     0.17655     0.08580     0.10762     0.05645    -0.08105     0.19173    -0.03577     0.18763    -0.16392    -0.10931     0.13226    -0.11416    -0.14349     0.09574    0.03834    -0.03334     0.12591     0.04134     0.06506     0.14918    -0.06431     0.07032    -0.05840     0.03534   -0.07916     0.10393    -0.22810     0.52634     0.47244   0.05510     0.01841    -0.02999
 -0.17605    -0.09490     0.23158    -0.08981    -0.03659    0.18566     0.16333    -0.10619     0.17619     0.04398    0.21188    -0.11397     0.13894    -0.06816     0.17623  -0.01937     0.19101     0.09810    -0.05719     0.02347    -0.06538     0.03827     0.01984     0.09856    -0.04800    -0.05444    -0.02779    -0.03024     0.04891     0.04815   -0.12896    -0.09401     0.38212     0.17865     0.13147     0.34456    -0.21448    -0.05004     0.03789    -0.02464    0.04117    -0.05382     0.11710    -0.26815    -0.24023  -0.02710    -0.00870     0.01436
 -0.02595    -0.00528     0.04526    -0.00318     0.06790   -0.03191     0.08136     0.00103     0.04235     0.00475    0.10933    -0.28943     0.29509    -0.16350    -0.05701   0.13878    -0.03597     0.00377    -0.30657    -0.06852     0.07898    -0.31684     0.14116    -0.17272     0.18351     0.13176    -0.29157     0.11725     0.30790    -0.06283   -0.15307    -0.00420     0.06840     0.05274    -0.00176    -0.01139    -0.05142     0.03669    -0.02973     0.01675   -0.03953     0.05193    -0.12831     0.29391     0.26254   0.02826     0.01190    -0.01877
  0.00000    -0.02543     0.01022     0.00000    -0.09534   -0.00000    -0.00000     0.03881    -0.00000     0.00000    0.06502    -0.00000    -0.05764    -0.00000     0.00000   0.06743    -0.01400    -0.00000    -0.00000     0.04416    -0.00000     0.01741    -0.08373     0.00000     0.14874     0.00000    -0.00867     0.02978    -0.00000    -0.00000    0.00000    -0.00000    -0.00132     0.00534    -0.03579     0.00000    -0.00000    -0.00279     0.00000     0.00000    0.00023     0.00000    -0.00000    -0.00050     0.00000  -0.00094     0.00040     0.00000
 -0.05748     0.00000     0.00000     0.12918     0.00000   -0.07357    -0.07491    -0.00000     0.01887    -0.09726   -0.00000    -0.03774    -0.00000    -0.02066    -0.00953   0.00000     0.00000    -0.00470    -0.02228     0.00000    -0.08748    -0.00000     0.00000     0.07176    -0.00000    -0.01478     0.00000    -0.00000    -0.00064    -0.00787   -0.00489    -0.01656     0.00000    -0.00000     0.00000    -0.01077     0.00850     0.00000     0.00099    -0.00298   -0.00000     0.00033     0.00020     0.00000     0.00030   0.00000     0.00000    -0.00016
  0.01920    -0.00000    -0.00000    -0.01859    -0.00000    0.05674    -0.08697    -0.00000     0.03920     0.00588   -0.00000    -0.00705    -0.00000    -0.04357     0.03414  -0.00000     0.00000     0.02958     0.14796     0.00000    -0.09081    -0.00000     0.00000    -0.07857     0.00000     0.04677     0.00000     0.00000     0.05254    -0.03870   -0.03104     0.00268    -0.00000    -0.00000    -0.00000    -0.01412     0.01104    -0.00000    -0.00263    -0.00083   -0.00000    -0.00001     0.00022    -0.00000    -0.00032   0.00000    -0.00000     0.00033
  0.08026     0.04301    -0.16652     0.18364    -0.07088   -0.23811    -0.15118     0.13888    -0.13542     0.06265   -0.15923     0.07150    -0.06902     0.04715    -0.00238  -0.08364    -0.28923    -0.19253     0.06720    -0.06537     0.08947    -0.24362    -0.04946    -0.28971     0.02920     0.06373     0.13125    -0.16756    -0.03148     0.10587   -0.04915    -0.06670     0.36804     0.17102     0.12844     0.36933    -0.22600     0.03979    -0.03341     0.03645    0.00043     0.00040     0.00536    -0.01128    -0.01128  -0.00082     0.00187    -0.00272
 -0.11078    -0.04033     0.09784    -0.00867    -0.02837    0.04237     0.04914     0.00901     0.00557     0.03976   -0.01914     0.00111     0.02791    -0.02484     0.00549  -0.02156    -0.06339    -0.04979     0.02842     0.02239     0.03726    -0.02699    -0.00807    -0.02887    -0.02964    -0.01340     0.01328    -0.01330    -0.01211     0.00592    0.02290     0.01365    -0.05622    -0.02813    -0.01058    -0.05514     0.03323     0.66889    -0.50687     0.43645   -0.03178     0.03052     0.04267    -0.08124    -0.06678  -0.00465     0.02992    -0.03570
  0.06052     0.08783    -0.12962    -0.07918     0.04621   -0.09150    -0.05523     0.21209    -0.24400     0.08733   -0.20565     0.03266     0.05089    -0.10107    -0.23495   0.14022    -0.05771     0.01058     0.15186     0.17867     0.08245     0.32988    -0.04287     0.34511    -0.11016    -0.17596    -0.24919     0.29576     0.19686    -0.17777   -0.23393    -0.07051     0.18787     0.08228     0.04857     0.10175    -0.03376     0.04560    -0.03475     0.02328   -0.00089     0.00085     0.00638    -0.01120    -0.00943  -0.00150     0.00374    -0.00415
 -0.01446    -0.00372    -0.03401    -0.04643    -0.08168    0.07502    -0.00113     0.04995     0.00479    -0.11452    0.01548     0.01080     0.05330     0.01271    -0.11251  -0.06591     0.02188    -0.01280     0.00857    -0.01469    -0.01221    -0.02076     0.04968    -0.01751    -0.05927     0.00313    -0.04659     0.01270    -0.03725     0.00783    0.00740    -0.01022    -0.03855    -0.01877    -0.00262     0.05058    -0.02422    -0.00778    -0.00642     0.00527    0.00706     0.00958    -0.01864    -0.04303     0.03982  -0.00404    -0.00175    -0.00293
 -0.10163     0.03200    -0.07982    -0.00077     0.02704    0.02422     0.03492    -0.02413    -0.01886     0.04911    0.05606     0.01953    -0.01536    -0.01644    -0.01783   0.02238     0.09311    -0.06330     0.05260    -0.02105     0.05379     0.01734     0.01098    -0.03395     0.03783    -0.01335    -0.00413    -0.00595    -0.00125    -0.00966    0.00539     0.00809     0.02532     0.01321     0.00315    -0.02166     0.01688     0.05116     0.03857    -0.03341    0.00041     0.00163    -0.01339    -0.02912     0.02535  -0.00273     0.00228     0.00241
  0.00562    -0.01488     0.01580    -0.02406    -0.02562   -0.01348    -0.00759    -0.08779    -0.04887     0.00295   -0.04613    -0.08297    -0.09315    -0.08219    -0.00464  -0.04359     0.00782    -0.00808    -0.00567    -0.05446     0.01390    -0.00954     0.03128     0.01016    -0.00190    -0.01989    -0.06369     0.07332    -0.07170     0.06179    0.06456     0.00893     0.02588     0.01624     0.00665    -0.00038     0.00176     0.00900     0.00680    -0.00448   -0.00290    -0.00388     0.01080     0.02454    -0.02145   0.00258     0.00153     0.00218
  0.00000     0.01556     0.04739    -0.00000     0.14084    0.00000    -0.00000     0.03879     0.00000     0.00000    0.01473    -0.00000    -0.01724     0.00000     0.00000   0.09932    -0.01121     0.00000     0.00000    -0.01183     0.00000    -0.01628     0.04711    -0.00000    -0.07516    -0.00000     0.00877    -0.02408     0.00000    -0.00000    0.00000     0.00000     0.01392     0.00057    -0.04603    -0.00000     0.00000     0.00035    -0.00000     0.00000   -0.00107    -0.00000     0.00000     0.00901    -0.00000  -0.08870    -0.00214     0.00000
  0.13033    -0.00000    -0.00000    -0.03848    -0.00000   -0.00119     0.00054     0.00000     0.00742     0.00155    0.00000     0.00310     0.00000     0.01351    -0.01350  -0.00000    -0.00000     0.08776     0.00507    -0.00000     0.09262     0.00000    -0.00000    -0.01082     0.00000    -0.00240    -0.00000    -0.00000    -0.01373     0.02099   -0.00246    -0.05135     0.00000    -0.00000     0.00000    -0.00800     0.00512    -0.00000    -0.04106    -0.04829   -0.00000    -0.00098     0.05400    -0.00000     0.02477  -0.00000    -0.00000    -0.00028
 -0.01826    -0.00000     0.00000     0.00852    -0.00000    0.05792    -0.12760    -0.00000     0.09130     0.08150   -0.00000     0.05253     0.00000     0.05868    -0.04145   0.00000     0.00000    -0.03522    -0.09529    -0.00000     0.03904     0.00000    -0.00000     0.03155     0.00000    -0.01519    -0.00000    -0.00000    -0.04619     0.06313   -0.09007     0.00354    -0.00000    -0.00000    -0.00000    -0.02480     0.00780    -0.00000    -0.01388    -0.01653   -0.00000    -0.00013    -0.03960     0.00000    -0.02010  -0.00000     0.00000     0.00093
  0.00000     0.49779     0.33530    -0.00000     0.12202   -0.00000    -0.00000     0.06412    -0.00000    -0.00000   -0.02209     0.00000     0.07164    -0.00000    -0.00000  -0.19002     0.00837    -0.00000    -0.00000     0.04081    -0.00000     0.02640    -0.11314     0.00000     0.20689     0.00000    -0.01510     0.05957    -0.00000     0.00000   -0.00000    -0.00000    -0.19507    -0.04190     0.65150     0.00000    -0.00000    -0.00218     0.00000     0.00000    0.00028     0.00000    -0.00000     0.00222    -0.00000  -0.01947    -0.00069     0.00000
  0.16005    -0.00000    -0.00000    -0.06830    -0.00000    0.00849     0.01934     0.00000    -0.00472     0.01860   -0.00000     0.00656     0.00000     0.00487    -0.00803   0.00000    -0.00000    -0.00723    -0.01220     0.00000     0.00915     0.00000     0.00000     0.00156     0.00000    -0.00197    -0.00000    -0.00000    -0.03211     0.05838   -0.08052    -0.09139     0.00000    -0.00000     0.00000    -0.04429     0.02190     0.00000     0.60312     0.70478    0.00000     0.01205    -0.17840     0.00000    -0.06824   0.00000     0.00000    -0.00559
 -0.17770     0.00000     0.00000     0.17159     0.00000   -0.00051    -0.22457    -0.00000     0.14845    -0.03218    0.00000     0.01597    -0.00000     0.07475    -0.05395  -0.00000    -0.00000     0.47014     0.03466    -0.00000     0.42596     0.00000    -0.00000     0.01353     0.00000    -0.03359     0.00000     0.00000     0.11767    -0.23230    0.37094     0.38802    -0.00000     0.00000    -0.00000     0.19450    -0.09425     0.00000     0.09335     0.12477    0.00000     0.00338    -0.03451     0.00000    -0.01468   0.00000     0.00000    -0.00212
  0.00087    -0.21792    -0.08529    -0.00202     0.29137    0.00083     0.00133     0.05129    -0.00265     0.00090   -0.00817     0.00225     0.05890    -0.00206    -0.00363  -0.10319     0.00829    -0.04815    -0.01098     0.01780    -0.05022     0.01149    -0.03996     0.02017     0.05825    -0.00453    -0.00551     0.01414    -0.05915     0.07316   -0.19337     0.35802    -0.01617    -0.00240     0.04871     0.00732    -0.01819    -0.00331     0.08750     0.08899    0.00545    -0.00245     0.49230    -0.05353     0.24048   0.53688     0.01284    -0.00751
  0.20012    -0.40750    -0.24303    -0.10826     0.06968    0.02121     0.04536    -0.00837    -0.02182     0.05775    0.01607     0.01891    -0.01715     0.00058     0.00287   0.06155     0.00210    -0.21904    -0.07979     0.00064    -0.16384     0.00105     0.00225     0.06931     0.02888    -0.01895    -0.00464     0.01598     0.04774    -0.11321    0.08806     0.43662    -0.11690    -0.02738     0.40325     0.10838    -0.06198     0.00007    -0.05738    -0.05851   -0.00285     0.00044    -0.23157     0.02843    -0.11474  -0.27433    -0.00665     0.00363
  0.04388     0.06447     0.02643    -0.04995    -0.21729    0.07662    -0.09075    -0.02929     0.07039     0.13412    0.05944     0.06446    -0.15821     0.05130    -0.01570   0.43832    -0.03619    -0.22626    -0.15253    -0.05425    -0.09960    -0.05170     0.15957     0.06607    -0.21035    -0.02130     0.02033    -0.05086     0.13558    -0.21113    0.37759    -0.23510    -0.06365    -0.02130     0.23371     0.06856    -0.01916    -0.00308     0.04527     0.04890    0.00270    -0.00048     0.24797    -0.02837     0.12588   0.28316     0.00676    -0.00416
 -0.00087    -0.21792    -0.08529     0.00202     0.29137   -0.00083    -0.00133     0.05129     0.00265    -0.00090   -0.00817    -0.00225     0.05890     0.00206     0.00363  -0.10319     0.00829     0.04815     0.01098     0.01780     0.05022     0.01149    -0.03996    -0.02017     0.05825     0.00453    -0.00551     0.01414     0.05915    -0.07316    0.19337    -0.35802    -0.01617    -0.00240     0.04871    -0.00732     0.01819    -0.00331    -0.08750    -0.08899    0.00545     0.00245    -0.49230    -0.05353    -0.24048   0.53688     0.01284     0.00751
  0.20012     0.40750     0.24303    -0.10826    -0.06968    0.02121     0.04536     0.00837    -0.02182     0.05775   -0.01607     0.01891     0.01715     0.00058     0.00287  -0.06155    -0.00210    -0.21904    -0.07979    -0.00064    -0.16384    -0.00105    -0.00225     0.06931    -0.02888    -0.01895     0.00464    -0.01598     0.04774    -0.11321    0.08806     0.43662     0.11690     0.02738    -0.40325     0.10838    -0.06198    -0.00007    -0.05738    -0.05851    0.00285     0.00044    -0.23157    -0.02843    -0.11474   0.27433     0.00665     0.00363
  0.04388    -0.06447    -0.02643    -0.04995     0.21729    0.07662    -0.09075     0.02929     0.07039     0.13412   -0.05944     0.06446     0.15821     0.05130    -0.01570  -0.43832     0.03619    -0.22626    -0.15253     0.05425    -0.09960     0.05170    -0.15957     0.06607     0.21035    -0.02130    -0.02033     0.05086     0.13558    -0.21113    0.37759    -0.23510     0.06365     0.02130    -0.23371     0.06856    -0.01916     0.00308     0.04527     0.04890   -0.00270    -0.00048     0.24797     0.02837     0.12588  -0.28316    -0.00676    -0.00416
  0.01382     0.01290    -0.00766     0.03103     0.01972    0.07142    -0.02337    -0.06856    -0.05519    -0.05544   -0.03346     0.08784     0.03625    -0.08206     0.06587   0.02609    -0.00353    -0.01472    -0.03136    -0.09602     0.03726     0.02942    -0.05955     0.01550    -0.00406     0.00873     0.03237     0.02255     0.03499     0.02296    0.00238     0.00199     0.01410    -0.03463    -0.00001    -0.03137    -0.04787     0.00213     0.00174    -0.00208   -0.01039    -0.01164    -0.00099    -0.00068     0.00004   0.00101    -0.04129    -0.04280
  0.00112    -0.06330     0.06400    -0.06608    -0.01061   -0.03304    -0.02532    -0.03425    -0.03485     0.00707    0.04418     0.04417     0.02861     0.00669     0.00280  -0.00471    -0.09401     0.06212    -0.05059     0.00261    -0.05732     0.05217    -0.00979    -0.04209    -0.01870    -0.01557    -0.01178     0.00462     0.00038     0.00296    0.00475     0.00107     0.00994    -0.02496     0.00286    -0.01433    -0.02793    -0.00430    -0.00308     0.00380   -0.04794    -0.04782    -0.00484    -0.00814     0.01028  -0.00115     0.03416     0.03324
 -0.02022     0.01608    -0.03618    -0.00213    -0.03228   -0.00976     0.04477    -0.09516    -0.05539    -0.04592   -0.06306     0.00416     0.07007     0.08706     0.05876   0.02975     0.00273    -0.00166    -0.01934     0.07847     0.01253     0.00175    -0.01347    -0.00037     0.00775     0.02687    -0.03818    -0.07625    -0.04888    -0.08373   -0.03377    -0.00767     0.00745    -0.03053     0.00119    -0.00332    -0.00850    -0.00065    -0.00039     0.00017   -0.01258    -0.01152    -0.00092    -0.00145     0.00112   0.00085    -0.02718    -0.02689
  0.06399     0.10789    -0.11219     0.21486     0.06228    0.21972     0.02847    -0.13778    -0.17616     0.06115    0.13660     0.02106    -0.02880    -0.04655     0.00039  -0.06496    -0.23435     0.10908    -0.14047    -0.04912    -0.09523     0.24228     0.18746    -0.18631     0.08039    -0.26283    -0.11683    -0.20016    -0.03234    -0.07349   -0.05025     0.00079    -0.17609     0.38845    -0.02028     0.21864     0.39649     0.00274     0.00206    -0.00193    0.01887     0.02693     0.00270     0.00304    -0.00532   0.00039    -0.00816    -0.00949
  0.00525    -0.07394     0.07751    -0.07889    -0.01545   -0.04461    -0.02980    -0.02291    -0.01474    -0.00984    0.01136     0.03607     0.02939     0.00459     0.02219   0.00414    -0.07108     0.04208    -0.04647     0.00022    -0.03704     0.06054    -0.00206    -0.04432    -0.00230    -0.02537    -0.02208    -0.02527    -0.01097    -0.02380   -0.00624    -0.00116     0.01999    -0.05003     0.00345    -0.03033    -0.05106     0.04926     0.03558    -0.03898    0.65189     0.64750     0.05677     0.09288    -0.11265   0.00638    -0.14052    -0.13345
 -0.11269     0.09603    -0.15000     0.04613     0.00933    0.04824     0.08316    -0.20789    -0.23491     0.10947    0.20606     0.08471     0.08024     0.16991    -0.10759  -0.01480    -0.11014     0.13814    -0.00946     0.21043    -0.13251    -0.18603    -0.17522     0.13120    -0.20828     0.34098     0.20109     0.33642     0.20614     0.30752    0.10309     0.02477    -0.08745     0.19357    -0.00870     0.08511     0.10544     0.00431     0.00304    -0.00163    0.05068     0.04664     0.00489     0.00946    -0.01081   0.00045    -0.01630    -0.01568
  0.00000    -0.02075     0.03726    -0.00000     0.03681   -0.00000     0.00000    -0.04341     0.00000     0.00000   -0.03806     0.00000    -0.06509     0.00000    -0.00000  -0.02018     0.02114     0.00000    -0.00000     0.13896     0.00000    -0.03096     0.08777     0.00000     0.02230     0.00000     0.02811     0.01126    -0.00000    -0.00000    0.00000     0.00000     0.01203    -0.01318     0.00172    -0.00000     0.00000    -0.00062     0.00000     0.00000   -0.00299    -0.00000     0.00000     0.00021     0.00000   0.00029    -0.00074     0.00000
  0.10289    -0.00000    -0.00000     0.08503     0.00000    0.07433     0.02994     0.00000     0.02124     0.00212   -0.00000    -0.06511     0.00000     0.04001    -0.00094   0.00000     0.00000    -0.02963     0.03218    -0.00000     0.02533     0.00000     0.00000     0.03942    -0.00000     0.05766     0.00000     0.00000    -0.00420     0.00051    0.00068    -0.00095     0.00000    -0.00000     0.00000    -0.00050    -0.00621    -0.00000    -0.00051     0.00047    0.00000    -0.00093     0.00012    -0.00000    -0.00024  -0.00000    -0.00000    -0.00034
  0.03289     0.00000    -0.00000     0.05683     0.00000   -0.05993     0.13056     0.00000     0.09347    -0.01431    0.00000     0.10560     0.00000    -0.04100    -0.04630   0.00000     0.00000     0.01071     0.00985     0.00000    -0.01951     0.00000     0.00000    -0.01437     0.00000    -0.03799     0.00000     0.00000     0.01955     0.02581    0.00998     0.00167    -0.00000     0.00000    -0.00000    -0.00315    -0.00570     0.00000     0.00021    -0.00023    0.00000     0.00147    -0.00001     0.00000     0.00012  -0.00000     0.00000     0.00052
 -0.00367    -0.01950     0.03594    -0.01365     0.03620   -0.01404    -0.00545    -0.05403     0.01777    -0.03227   -0.09603     0.13764    -0.04805    -0.20105     0.05923   0.03551     0.11227    -0.02163    -0.05664    -0.00018     0.07677    -0.09653    -0.28353     0.08666    -0.11527     0.27677    -0.17918    -0.13482    -0.13695    -0.13623   -0.04894    -0.01368    -0.08203     0.12298    -0.00706     0.10632     0.12941    -0.01889    -0.01666     0.01839    0.12251     0.12131     0.00506     0.00330     0.00645  -0.01306     0.50409     0.50436
  0.00539    -0.17155     0.19408    -0.22689    -0.06152   -0.17535    -0.07231     0.07836     0.15336    -0.16068   -0.23371     0.05605     0.06517    -0.05289     0.13049   0.08013     0.16712    -0.10875     0.00627    -0.02046     0.12142    -0.04569    -0.09779     0.06375    -0.01925     0.11726     0.03666    -0.00838     0.07246     0.05920   -0.01307     0.00999    -0.18137     0.40514    -0.02559     0.20998     0.37469     0.00897     0.00817    -0.00912   -0.07430    -0.06933    -0.00258    -0.00190    -0.00383   0.00680    -0.26468    -0.26527
  0.01135    -0.01970    -0.00054    -0.06021    -0.09855    0.01203    -0.02096    -0.03165    -0.02396    -0.22051   -0.19254    -0.06335     0.23030     0.22655     0.17449   0.08120     0.03306    -0.12593     0.05899    -0.07471     0.09602     0.11461     0.26403    -0.02100     0.17494    -0.27480     0.33394     0.15188     0.28646     0.20971    0.02694     0.02307    -0.00868     0.08255    -0.01222    -0.02633     0.04850    -0.00787    -0.00759     0.00769    0.07577     0.07198     0.00305     0.00361     0.00241  -0.00834     0.32697     0.32628
 -0.06399     0.10789    -0.11219    -0.21486     0.06228   -0.21972    -0.02847    -0.13778     0.17616    -0.06115    0.13660    -0.02106    -0.02880     0.04655    -0.00039  -0.06496    -0.23435    -0.10908     0.14047    -0.04912     0.09523     0.24228     0.18746     0.18631     0.08039     0.26283    -0.11683    -0.20016     0.03234     0.07349    0.05025    -0.00079    -0.17609     0.38845    -0.02028    -0.21864    -0.39649     0.00274    -0.00206     0.00193    0.01887    -0.02693    -0.00270     0.00304     0.00532   0.00039    -0.00816     0.00949
  0.00525     0.07394    -0.07751    -0.07889     0.01545   -0.04461    -0.02980     0.02291    -0.01474    -0.00984   -0.01136     0.03607    -0.02939     0.00459     0.02219  -0.00414     0.07108     0.04208    -0.04647    -0.00022    -0.03704    -0.06054     0.00206    -0.04432     0.00230    -0.02537     0.02208     0.02527    -0.01097    -0.02380   -0.00624    -0.00116    -0.01999     0.05003    -0.00345    -0.03033    -0.05106    -0.04926     0.03558    -0.03898   -0.65189     0.64750     0.05677    -0.09288    -0.11265  -0.00638     0.14052    -0.13345
 -0.11269    -0.09603     0.15000     0.04613    -0.00933    0.04824     0.08316     0.20789    -0.23491     0.10947   -0.20606     0.08471    -0.08024     0.16991    -0.10759   0.01480     0.11014     0.13814    -0.00946    -0.21043    -0.13251     0.18603     0.17522     0.13120     0.20828     0.34098    -0.20109    -0.33642     0.20614     0.30752    0.10309     0.02477     0.08745    -0.19357     0.00870     0.08511     0.10544    -0.00431     0.00304    -0.00163   -0.05068     0.04664     0.00489    -0.00946    -0.01081  -0.00045     0.01630    -0.01568
  0.00367    -0.01950     0.03594     0.01365     0.03620    0.01404     0.00545    -0.05403    -0.01777     0.03227   -0.09603    -0.13764    -0.04805     0.20105    -0.05923   0.03551     0.11227     0.02163     0.05664    -0.00018    -0.07677    -0.09653    -0.28353    -0.08666    -0.11527    -0.27677    -0.17918    -0.13482     0.13695     0.13623    0.04894     0.01368    -0.08203     0.12298    -0.00706    -0.10632    -0.12941    -0.01889     0.01666    -0.01839    0.12251    -0.12131    -0.00506     0.00330    -0.00645  -0.01306     0.50409    -0.50436
  0.00539     0.17155    -0.19408    -0.22689     0.06152   -0.17535    -0.07231    -0.07836     0.15336    -0.16068    0.23371     0.05605    -0.06517    -0.05289     0.13049  -0.08013    -0.16712    -0.10875     0.00627     0.02046     0.12142     0.04569     0.09779     0.06375     0.01925     0.11726    -0.03666     0.00838     0.07246     0.05920   -0.01307     0.00999     0.18137    -0.40514     0.02559     0.20998     0.37469    -0.00897     0.00817    -0.00912    0.07430    -0.06933    -0.00258     0.00190    -0.00383  -0.00680     0.26468    -0.26527
  0.01135     0.01970     0.00054    -0.06021     0.09855    0.01203    -0.02096     0.03165    -0.02396    -0.22051    0.19254    -0.06335    -0.23030     0.22655     0.17449  -0.08120    -0.03306    -0.12593     0.05899     0.07471     0.09602    -0.11461    -0.26403    -0.02100    -0.17494    -0.27480    -0.33394    -0.15188     0.28646     0.20971    0.02694     0.02307     0.00868    -0.08255     0.01222    -0.02633     0.04850     0.00787    -0.00759     0.00769   -0.07577     0.07198     0.00305    -0.00361     0.00241   0.00834    -0.32697     0.32628
 -0.08026     0.04301    -0.16652    -0.18364    -0.07088    0.23811     0.15118     0.13888     0.13542    -0.06265   -0.15923    -0.07150    -0.06902    -0.04715     0.00238  -0.08364    -0.28923     0.19253    -0.06720    -0.06537    -0.08947    -0.24362    -0.04946     0.28971     0.02920    -0.06373     0.13125    -0.16756     0.03148    -0.10587    0.04915     0.06670     0.36804     0.17102     0.12844    -0.36933     0.22600     0.03979     0.03341    -0.03645    0.00043    -0.00040    -0.00536    -0.01128     0.01128  -0.00082     0.00187     0.00272
 -0.11078     0.04033    -0.09784    -0.00867     0.02837    0.04237     0.04914    -0.00901     0.00557     0.03976    0.01914     0.00111    -0.02791    -0.02484     0.00549   0.02156     0.06339    -0.04979     0.02842    -0.02239     0.03726     0.02699     0.00807    -0.02887     0.02964    -0.01340    -0.01328     0.01330    -0.01211     0.00592    0.02290     0.01365     0.05622     0.02813     0.01058    -0.05514     0.03323    -0.66889    -0.50687     0.43645    0.03178     0.03052     0.04267     0.08124    -0.06678   0.00465    -0.02992    -0.03570
  0.06052    -0.08783     0.12962    -0.07918    -0.04621   -0.09150    -0.05523    -0.21209    -0.24400     0.08733    0.20565     0.03266    -0.05089    -0.10107    -0.23495  -0.14022     0.05771     0.01058     0.15186    -0.17867     0.08245    -0.32988     0.04287     0.34511     0.11016    -0.17596     0.24919    -0.29576     0.19686    -0.17777   -0.23393    -0.07051    -0.18787    -0.08228    -0.04857     0.10175    -0.03376    -0.04560    -0.03475     0.02328    0.00089     0.00085     0.00638     0.01120    -0.00943   0.00150    -0.00374    -0.00415
  0.00476    -0.02312     0.00787     0.00820    -0.11047   -0.01389    -0.01452     0.03507    -0.04054    -0.11379    0.11457    -0.03422     0.00391    -0.00640    -0.23828  -0.11423     0.17655    -0.08580    -0.10762     0.05645     0.08105     0.19173    -0.03577    -0.18763    -0.16392     0.10931     0.13226    -0.11416     0.14349    -0.09574   -0.03834     0.03334     0.12591     0.04134     0.06506    -0.14918     0.06431     0.07032     0.05840    -0.03534   -0.07916    -0.10393     0.22810     0.52634    -0.47244   0.05510     0.01841     0.02999
 -0.17605     0.09490    -0.23158    -0.08981     0.03659    0.18566     0.16333     0.10619     0.17619     0.04398   -0.21188    -0.11397    -0.13894    -0.06816     0.17623   0.01937    -0.19101     0.09810    -0.05719    -0.02347    -0.06538    -0.03827    -0.01984     0.09856     0.04800    -0.05444     0.02779     0.03024     0.04891     0.04815   -0.12896    -0.09401    -0.38212    -0.17865    -0.13147     0.34456    -0.21448     0.05004     0.03789    -0.02464   -0.04117    -0.05382     0.11710     0.26815    -0.24023   0.02710     0.00870     0.01436
 -0.02595     0.00528    -0.04526    -0.00318    -0.06790   -0.03191     0.08136    -0.00103     0.04235     0.00475   -0.10933    -0.28943    -0.29509    -0.16350    -0.05701  -0.13878     0.03597     0.00377    -0.30657     0.06852     0.07898     0.31684    -0.14116    -0.17272    -0.18351     0.13176     0.29157    -0.11725     0.30790    -0.06283   -0.15307    -0.00420    -0.06840    -0.05274     0.00176    -0.01139    -0.05142    -0.03669    -0.02973     0.01675    0.03953     0.05193    -0.12831    -0.29391     0.26254  -0.02826    -0.01190    -0.01877
